cam0:
  cam_overlaps: [1]
  camera_model: pinhole
  distortion_coeffs: [-0.02157445578416132, 0.013962555884010658, -0.015263506769084728,
    0.0035321628459440138]
  distortion_model: equidistant
  intrinsics: [607.8979068308391, 607.6966993592853, 630.9416059878547, 391.64940830374945]
  resolution: [1280, 800]
  rostopic: /sync/cam0/image_raw
cam1:
  T_cn_cnm1:
  - [0.9996456953112074, 0.001697330774184517, -0.0265631871960777, 0.2083168837248819]
  - [-0.0020867844557717033, 0.9998906436862717, -0.014640560074209543, -0.0004756215425487194]
  - [0.026535432470679837, 0.014690804501265245, 0.9995399197064105, 0.0012566862083377716]
  - [0.0, 0.0, 0.0, 1.0]
  cam_overlaps: [0]
  camera_model: pinhole
  distortion_coeffs: [-0.014581190261069158, -0.00616271927594435, 0.003321687326835112,
    -0.001909215683028329]
  distortion_model: equidistant
  intrinsics: [609.5719766100023, 609.5144915152707, 634.8392526453711, 408.743077529049]
  resolution: [1280, 800]
  rostopic: /sync/cam1/image_raw
