cam0:
  T_cam_imu:
  - [-0.01452740749570476, -0.9997070170961676, -0.01936064048878779, -0.10207273319058903]
  - [-0.9997101834100671, 0.014893740950859312, -0.018913637056319425, -0.00490602375460117]
  - [0.019196448048095362, 0.019080263341239405, -0.9996336528614698, -0.006829633680582063]
  - [0.0, 0.0, 0.0, 1.0]
  cam_overlaps: [1]
  camera_model: pinhole
  distortion_coeffs: [-0.02157445578416132, 0.013962555884010658, -0.015263506769084728,
    0.0035321628459440138]
  distortion_model: equidistant
  intrinsics: [607.8979068308391, 607.6966993592853, 630.9416059878547, 391.64940830374945]
  resolution: [1280, 800]
  rostopic: /sync/cam0/image_raw
cam1:
  T_cam_imu:
  - [-0.016729018069681682, -0.999834369214618, 0.007167572227146148, 0.10645340507510047]
  - [-0.9998515899723289, 0.016698939548174092, -0.004235970700146096, -0.005068115337311368]
  - [0.00411557823766389, -0.007237372117938968, -0.9999653406296621, -0.008350422846909433]
  - [0.0, 0.0, 0.0, 1.0]
  T_cn_cnm1:
  - [0.9996456953112076, 0.0016973307741845168, -0.026563187196077708, 0.2083168837248819]
  - [-0.0020867844557717033, 0.9998906436862719, -0.014640560074209547, -0.0004756215425487194]
  - [0.026535432470679843, 0.014690804501265248, 0.9995399197064108, 0.0012566862083377716]
  - [0.0, 0.0, 0.0, 1.0]
  cam_overlaps: [0]
  camera_model: pinhole
  distortion_coeffs: [-0.014581190261069158, -0.00616271927594435, 0.003321687326835112,
    -0.001909215683028329]
  distortion_model: equidistant
  intrinsics: [609.5719766100023, 609.5144915152707, 634.8392526453711, 408.743077529049]
  resolution: [1280, 800]
  rostopic: /sync/cam1/image_raw
